0.0000,0.0000,0.0000
0.0000,0.0000,0.0000
0.0000,0.0000,0.0000
1.4734,0.8390,0.3820
1.4734,0.8390,0.3820
1.4734,0.8390,0.3820
1.4734,0.8390,0.3820
0.0000,0.0000,0.0000
15.5523,19.5305,9.3441
14.1421,11.0952,11.1330
14.1421,11.0952,11.1330
0.0000,0.0000,0.0000
0.0000,0.0000,0.0000
0.0000,0.0000,0.0000
0.0000,0.0000,0.0000
14.1421,32.0156,13.4387
14.1421,32.0156,13.4387
14.1421,11.0952,11.1330
14.1421,11.0952,11.1330
14.1421,11.0952,11.1330
14.1421,11.0952,11.1330
14.1421,27.8173,11.1330
14.1421,10.9443,8.8427
14.1421,10.9443,8.8427
5.0245,0.6278,0.3820
0.1514,0.6278,0.3820
0.1514,0.6278,0.3820
0.8681,0.7289,0.9770
1.0456,0.7476,1.4399
0.1514,0.6278,0.3820
0.8681,0.7289,0.9770
1.0456,0.7476,1.4399
1.1461,0.9502,0.6054
0.2121,0.4378,0.5046
0.4442,0.5390,0.2056
1.0234,0.6335,0.3362
0.4629,0.5471,0.9999
0.8223,0.4513,0.8654
0.3561,0.3909,0.5670
0.4489,0.4317,0.3117,0.2547,0.2662,0.4511,0.1177
0.4489,0.4317,0.3117,0.2547,0.2662,0.4511,0.1177
0.4344,0.3022,0.5836,0.2622,0.2619,0.4374,0.1159
0.4459,0.3869,0.3139,0.2622,0.2619,0.4374,0.1159
0.4489,0.4317,0.3117,0.2547,0.2662,0.4511,0.1177
0.4489,0.4317,0.3117,0.2547,0.2662,0.4511,0.1177
0.4489,0.4317,0.3117,0.2547,0.2662,0.4511,0.1177
