0.0024,0.0182,0.0047
0.0024,0.0182,0.0047
0.0024,0.0182,0.0047
0.0024,0.0182,0.0047
0.0024,0.0182,0.0047
0.0104,0.0031,0.0056
0.0267,0.0129,0.0163
0.0350,0.0042,0.0276
0.0194,0.0455,0.0080
0.2130,0.0047,0.0034
0.0351,0.0115,0.0049
0.0028,0.0074,0.0031
0.0063,0.0297,0.0791
0.0070,0.0170,0.0031
0.0412,0.0046,0.0167
0.0053,0.0215,0.0174
0.0114,0.0031,0.0061
0.0016,0.0283,0.0084
0.0100,0.0044,0.0372
0.0059,0.0107,0.0044
0.0081,0.0196,0.0173
0.0123,0.0026,0.0195
0.0199,0.0066,0.0055
0.0085,0.0041,0.0105
0.0038,0.0018,0.1078
0.0076,0.0137,0.0121
0.0146,0.0130,0.0214
0.0023,0.0142,0.0181
0.0223,0.0102,0.0511
0.0248,0.0157,0.0594
0.0088,0.0097,0.0063
0.0226,0.0235,0.0175
0.0485,0.0083,0.0145
0.0123,0.0174,0.0098
0.0187,0.0060,0.0571
0.0110,0.0075,0.0087
0.0044,0.0104,0.0032
0.0107,0.0067,0.0173
0.0118,0.0414,0.0351
0.0544,0.0102,0.1206
0.0048,0.0039,0.0060
0.0243,0.0696,0.0061
0.0033,0.0099,0.0212
0.0383,0.0084,0.0054
0.0124,0.1794,0.0383
0.0088,0.0350,0.0394
0.0088,0.0260,0.0155
0.0095,0.0103,0.0024
0.0039,0.0169,0.0543
0.0163,0.0117,0.0205
0.0144,0.0272,0.0062
0.0113,0.0169,0.0423
0.0032,0.0101,0.0117
0.0112,0.0077,0.0045
0.0244,0.0446,0.0252
0.0250,0.0021,0.0088
0.0033,0.0121,0.0191
0.0072,0.0171,0.0092
0.0128,0.0056,0.0042
0.0193,0.0235,0.0050
0.1280,18.0817,0.0131
0.0130,0.0134,0.0148
0.0185,0.0100,0.0198
0.0155,0.0047,0.0116
0.0131,0.0133,0.0055
0.0244,0.0037,0.0110
0.0446,0.2554,0.0077
0.0574,0.0147,0.0114
0.0475,0.0855,0.0076
0.0087,0.0289,0.0065
0.0028,0.0089,0.0136
0.0386,0.0143,0.0532
0.0168,0.4154,0.2580
0.0096,0.0185,0.0577
0.0102,0.0079,0.0068
0.0092,0.0197,0.0108
0.0060,0.0179,0.0246
0.0099,0.0048,0.0198
0.0065,0.0143,0.0198
0.0013,0.0337,0.0080
0.0018,0.0088,0.0055
0.0408,0.0328,0.0250
0.0285,0.1642,0.2592
0.0122,0.3857,0.2528
0.0133,0.0049,0.0044,0.0248
0.4636,0.1239,0.1670,0.4391
0.0127,0.0042,0.0176,0.0353
0.0209,0.0621,0.0117,0.0339
3.4947,0.0024,0.9787,0.0129
0.0094,0.0269,0.0915,0.1321
0.0043,0.2529,0.1122,0.1146
0.0032,0.0219,0.0083,0.0172
0.0267,0.0160,0.0080,0.0150
0.0074,0.0169,0.0123,0.0059
0.0114,0.0348,0.1306,0.1094
0.0176,0.0120,0.0054,0.0264
0.0049,0.0458,0.0473,0.0083
0.0082,0.0714,0.0201,0.0257
0.1554,0.0279,0.1327,0.0154
0.2576,0.2457,0.0110,0.0125
0.0121,0.0138,0.1710,0.1732,0.0024
0.0178,0.0829,0.2013,0.0217,0.0135
0.0108,0.0119,0.0118,0.0098,0.0235
0.0222,0.0045,0.0112,0.0118,0.0057
0.1159,0.4617,0.0534,0.0164,0.0105
0.0072,0.0708,0.0171,0.6565,0.4251
0.0312,0.0057,0.0082,0.0079,0.0103
0.0089,20.2006,11.4091,9.3236,10.2007
0.0018,0.0697,0.0034,0.3203,0.0000,0.0000,0.1215
0.0087,0.0152,0.0079,0.0015,0.0048
0.0000,0.0000,0.0000,0.0000,0.2917,0.0000,0.2892
0.0000,0.0697,0.0000,0.3203,0.3636,0.1001,0.4052
0.0000,0.0697,0.0000,0.3203,0.3636,0.1001,0.4052
0.0000,0.0697,0.0000,0.3203,0.3636,0.1001,0.4052
0.0000,0.0000,0.0000,0.0000,0.2917,0.0000,0.2892
0.0000,0.1027,0.0000,0.3203,0.2917,0.0000,0.2892
0.0000,0.0000,0.0000,0.0000,0.0000,0.0000,0.0000
0.0000,0.0000,0.0000,0.0000,0.0000,0.0000,0.0000
0.0018,0.0000,0.0034,0.0000,0.0000,0.0000,0.0000
0.0018,0.0000,0.0034,0.0000,0.0000,0.0000,0.0000
0.0018,0.0000,0.0034,0.0000,0.0000,0.0000,0.0000
0.0018,0.0390,0.0034,0.0000,0.0000,0.0000,0.0483
0.0000,0.0000,0.0000,0.0000,0.0753,0.1001,0.0000
0.0000,0.0000,0.0000,0.0000,0.0000,0.0000,0.0000
0.0018,0.0000,0.0034,0.0000,0.0000,0.0000,0.0000
0.0017,0.0445,0.0056,0.0055,0.0101,0.0032,0.0517
0.0094,0.0078,0.0080,0.0010,0.0102,0.0046,0.0066
0.0062,0.0294,0.0055,0.0066,0.0099,0.0058,0.0507
0.0091,0.0179,0.0087,0.0120,0.0101,0.0086,0.0105
0.0040,0.0419,0.0079,0.0045,0.0078,0.0162,0.0500
0.0078,0.0079,0.0133,0.0091,0.0067,0.0073,0.0062
0.0059,0.0066,0.0043,0.0097,0.0083,0.0108,0.0022
0.0044,0.0363,0.0037,0.0023,0.0032,0.0015,0.0495
0.0058,0.0009,0.0055,0.0127,0.0077,0.0065,0.0042
0.0171,0.0128,0.0077,0.0081,0.0043,0.0068,0.0020
0.0155,0.0126,0.0123,0.0125,0.0762,0.0923,0.0080
0.0019,0.0482,0.0061,0.0045,0.0073,0.0052,0.0526
0.0000,0.0000,0.0000,0.0000,0.0753,0.1001,0.0000
0.0000,0.0000,0.0000,0.0000,0.0753,0.1001,0.0000
0.0000,0.0000,0.0000,0.0000,0.0753,0.1001,0.0000
0.0000,0.0000,0.0000,0.0000,0.0000,0.0000,0.0000
0.0018,0.0000,0.0034,0.0000,0.0000,0.0000,0.0000
0.0018,0.0390,0.0034,0.0000,0.0000,0.0000,0.0483
0.0018,0.0000,0.0034,0.0000,0.0753,0.1001,0.0000
0.0018,0.0000,0.0034,0.0000,0.0000,0.0000,0.0000
0.0018,0.0000,0.0034,0.0000,0.0753,0.1001,0.0000
0.0018,0.0000,0.0034,0.0000,0.0000,0.0000,0.0000
0.0000,0.0390,0.0000,0.0000,0.0000,0.0000,0.0483
0.0018,0.0000,0.0034,0.0000,0.0000,0.0000,0.0000
0.0018,0.0000,0.0034,0.0000,0.0000,0.0000,0.0000
0.0018,0.0000,0.0034,0.0000,0.0000,0.0000,0.0000
0.0000,0.0000,0.0000,0.0000,0.0000,0.0000,0.0000
0.0000,0.0390,0.0000,0.0000,0.0000,0.0000,0.0483
0.0018,0.0000,0.0034,0.0000,0.0000,0.0000,0.0000
0.0018,0.0000,0.0034,0.0000,0.0000,0.0000,0.0000
0.0000,0.0000,0.0000,0.0000,0.0753,0.1001,0.0000
0.0000,0.0000,0.0000,0.0000,0.0753,0.1001,0.0000
0.0000,0.0000,0.0000,0.0000,0.0000,0.0000,0.0000
0.0000,0.0390,0.0000,0.0000,0.0000,0.0000,0.0483
0.0018,0.0390,0.0034,0.0000,0.0000,0.0000,0.0483
0.0000,0.0000,0.0000,0.0000,0.0753,0.1001,0.0000
0.0000,0.0000,0.0000,0.0000,0.0000,0.0000,0.0000
0.0000,0.0390,0.0000,0.0000,0.0000,0.0000,0.0483
0.0000,0.0390,0.0000,0.0000,0.0000,0.0000,0.0483
0.0000,0.0390,0.0000,0.0000,0.0000,0.0000,0.0483
0.0000,0.0000,0.0000,0.0000,0.0753,0.1001,0.0000
0.0000,0.0000,0.0000,0.0000,0.0753,0.1001,0.0000
0.0018,0.0000,0.0034,0.0000,0.0000,0.0000,0.0000
0.0018,0.0000,0.0034,0.0000,0.0000,0.0000,0.0000
0.0018,0.0390,0.0034,0.0000,0.0000,0.0000,0.0483
0.0018,0.0000,0.0034,0.0000,0.0000,0.0000,0.0000
0.0018,0.0000,0.0034,0.0000,0.0000,0.0000,0.0000
0.0018,0.0000,0.0034,0.0000,0.0000,0.0000,0.0000
0.0000,0.0000,0.0000,0.0000,0.0000,0.0000,0.0000
0.0000,0.0000,0.0000,0.0000,0.0000,0.0000,0.0000
0.0018,0.0000,0.0034,0.0000,0.0753,0.1001,0.0000
0.0000,0.0000,0.0000,0.0000,0.0000,0.0000,0.0000
0.0018,0.0000,0.0034,0.0000,0.0000,0.0000,0.0000
0.0018,0.0000,0.0034,0.0000,0.0753,0.1001,0.0000
0.0018,0.0000,0.0034,0.0000,0.0753,0.1001,0.0000
0.0000,0.0000,0.0000,0.0000,0.0000,0.0000,0.0000
0.0018,0.0000,0.0034,0.0000,0.0000,0.0000,0.0000
0.0018,0.0390,0.0034,0.0000,0.0753,0.1001,0.0483
0.0018,0.0000,0.0034,0.0000,0.0000,0.0000,0.0000
0.0018,0.0000,0.0034,0.0000,0.0000,0.0000,0.0000
0.0018,0.0000,0.0034,0.0000,0.0000,0.0000,0.0000
0.0018,0.0000,0.0034,0.0000,0.0000,0.0000,0.0000
0.0018,0.0390,0.0034,0.0000,0.0000,0.0000,0.0483
0.0000,0.0000,0.0000,0.0000,0.0000,0.0000,0.0000
0.0000,0.0000,0.0000,0.0000,0.0753,0.1001,0.0000
0.0000,0.0000,0.0000,0.0000,0.0753,0.1001,0.0000
0.0000,0.0000,0.0000,0.0000,0.0753,0.1001,0.0000
0.0018,0.0390,0.0034,0.0000,0.0000,0.0000,0.0483
0.0000,0.0000,0.0000,0.0000,0.0753,0.1001,0.0000
0.0000,0.0000,0.0000,0.0000,0.0753,0.1001,0.0000
0.0000,0.0390,0.0000,0.0000,0.0000,0.0000,0.0483
0.0000,0.0390,0.0000,0.0000,0.0000,0.0000,0.0483
0.0018,0.0000,0.0034,0.0000,0.0000,0.0000,0.0000
0.0000,0.0000,0.0000,0.0000,0.0000,0.0000,0.0000
0.0000,0.0000,0.0000,0.0000,0.0000,0.0000,0.0000
0.0018,0.0000,0.0034,0.0000,0.0000,0.0000,0.0000
0.0000,0.0390,0.0000,0.0000,0.0000,0.0000,0.0483
0.0018,0.0000,0.0034,0.0000,0.0000,0.0000,0.0000
0.0000,0.0000,0.0000,0.0000,0.0000,0.0000,0.0000
0.0000,0.0000,0.0000,0.0000,0.0753,0.1001,0.0000
0.0018,0.0000,0.0034,0.0000,0.0000,0.0000,0.0000
0.0000,0.0390,0.0000,0.0000,0.0000,0.0000,0.0483
0.0018,0.0000,0.0034,0.0000,0.0000,0.0000,0.0000
0.0000,0.0000,0.0000,0.0000,0.0753,0.1001,0.0000
0.0000,0.0000,0.0000,0.0000,0.0000,0.0000,0.0000
0.0000,0.0000,0.0000,0.0000,0.0000,0.0000,0.0000
0.0000,0.0390,0.0000,0.0000,0.0755,0.1001,0.0483
0.0000,0.0000
0.0000,0.0000
0.0000,0.0000
0.0000,0.0000
1.3490,2.1395,0.0169,0.0072,0.0071
0.0000,0.0000
0.0000,0.0000,0.0000
0.0000,0.0000,0.0000
0.0000,0.0000,0.0000
8.5499,12.2344,4.5418
